#TICID      RA          DEC        TWOMASS            GAIA                  Hmag     Tmag    
3960154     152.0895    25.1184    10082149+2507064   738631334352041984    11.632   13.0349
9586509     259.2885    30.879     17170925+3052445   1333223858032542848   11.108   12.0803
11835750    176.3074    51.3108    11451378+5118387   791698575874413440    10.235   11.6177
14163693     77.8201   -40.3448    05111683-4020413   4819213413631022848   12.711   13.7768
17201403    145.7278    38.8726    09425467+3852214   800722989357056512    13.356   14.93
17258738    147.5072    36.8102    09500172+3648365   796560272694942848    13.425   14.6183
17303256    160.8993    39.8545    10433583+3951162   779284608557960832    13.188   14.2437
20213216     227.135    36.6662    15083242+3639584   1292258459962736768   13.741   15.4396
21501126    149.0882    38.1251    09562117+3807304   797105630462442112    13.781   15.0994
22791140    203.5613    37.8586    13341473+3751311   1475570550374176128    8.833   10.6409
34235115     61.2588    -6.3769    04050210-0622367   3197278525360863616   10.461   11.3276
39140799    168.3272    39.9313    11131852+3955526   765367089157693824     9.918   11.383
49907420     49.2125    -0.9436    02284544+5958174   465286039242540288    10.038   11.269
57034013    182.6101    19.118     12102643+1907049   3950204228132377088   11.575   12.7239
57298985    251.8854    37.4545    16473251+3727163   1352215859818022016   12.921   14.0151
72460922    205.8878    17.5215    13433307+1731175   1247542077975113728   12.84    14.8008
82223159    150.8104    25.7101    10031448+2542363   738943900596725248    12.825   13.7244
82311459    176.4876    34.9405    11455704+3456258   4031143848897731840   13.4     15.206
85991633    138.3908    23.6091    09133362+2336330   687066128795761408    11.67    13.3588
85997613    138.7162    21.1707    09145187+2110146   636959872088672000    13.004   14.3374
86070139    139.6651    22.0385    09183962+2202188   638611235474465792    13.457   15.4548
86118643    140.3135    22.5462    09211525+2232465   639025339041489664    13.062   14.3482
87496558    177.2067    19.5265    11484960+1931353   3976115765828734464   13.567   14.8788
87497146    177.5127    19.7854    11500305+1947075   3976127276341105024   13.461   14.5669
87497224    177.5019    20.2599    11500045+2015357   3976182251922489472   12.921   14.1049
92043615    191.7767    13.0239    12470641+1301261   3928994305235773184   10.7     12.1225
92097666    192.4389    12.2534    12494533+1215121   3928142939637911040   12.468   13.6057
92127380    192.9816    12.4687    12515559+1228075   3928164311395252480   13.337   15.2512
99299848    179.1838    34.4507    11564409+3427026   4028300271310136448   13.439   14.9474
101166990    55.2408    31.3016    03405779+3118059   216531983114472960     8.851   10.2541
101643375   176.6487    34.8386    11463570+3450190   4031232325224024192   13.673   15.6402
116487079   233.3721    43.827     15332930+4349373   1391448324482530176   11.168   13.0854
137002621   194.1527    42.2601    12563665+4215362   1528444518366146048   13.79    15.8722
137005026   194.2772    42.6397    11544570+1952054   3975428674140484736   13.633   14.8651
144400394   177.9384    33.3954    11514521+3323435   4027764568629462144   13.552   15.4116
144441420   207.9555    31.7503    13514931+3145011   1457360885472326272   13.269   14.3787
149438600   140.3794    27.0256    09213106+2701321   694107744857712896    13.514   14.7505
149451979   141.1417    28.5271    09243401+2831377   695463580134235008    13.688   15.2281
156374869   176.8896    33.4813    11473352+3328527   4030806367547435136   13.755   14.923
156377992   177.2445    35.7195    11485866+3543102   4031660378844393472   13.38    15.2841
156422471   195.4854    29.0255    13015650+2901317   1464259457646196864    9.936   10.8907
156423860   195.6655    27.4188    13023972+2725077   1460529368745592576   11.437   12.458
156423887   195.6348    27.6085    13023235+2736306   1460728307334061824   10.784   12.5415
156986271   178.6905    19.8682    11544570+1952054   3975428674140484736   13.633   14.8651
165412663   159.4884    24.7913    10375721+2447287   724205638716466176     9.435   10.0708
165468577   175.0376    26.5515    11400902+2633048   4017491762771128320   11.136   12.9052
166673252   209.7133    32.0038    13585118+3200135   1457531103615986432   13.531   14.7959
171517465   119.8737    29.8777    07592968+2952397   877294039970626816     9.842   10.7105
171649815   159.3171    23.4499    10371611+2326595   723208549173301632     7.197    7.82119
172517776   142.6116    28.0941    09302678+2805385   696093153620305792    13.742   14.7831
172529958   142.8627    28.4537    09312704+2827132   696116861839765120    13.325   14.6334
175406861   204.9058     0.099     13393738+0005565   3662756291942179968   13.46    14.9775
180569916   197.7282    38.1666    13105477+3810000   1523070277328098688   11.132   12.2565
180628538   198.9929    39.5202    13155830+3931126   1524750399816223360   11.377   12.6176
198416475   260.2269    58.4141    17205522+5824508   1433232893074024064   13.285   14.4532
202293114   174.5357    50.0887    11380857+5005194   790783404243545088    11.472   13.5158
202294890   174.7421    49.5845    11385812+4935043   790707774160902528    11.187   12.1191
219026776   197.0219    26.4846    13080523+2629045   1459641616184781824    9.771   11.6404
233187236   224.9424    67.2586    14594618+6715310   1693460151175224320    9.694   10.2379
236326708   241.8064    24.1778    16071354+2410399   1206935807892071680   12.952   14.8791
241190969   152.9063    27.0713    10113752+2704166   739471945351020032    10.876   12.2407
241191155   152.9637    25.9586    10115129+2557309   738781039732000384    13.688   15.3571
241193174   153.1496    25.6297    10123591+2537467   726754508532618880    13.061   14.2995
255804774   218.9938    49.074     14355853+4904261   1603345793070621184   13.456   14.6931
255928834   247.4814    39.2487    16295553+3914554   1332534017565447808    8.855    9.81496
257524531     1.0804     0.8757    00041928+0052323   2546210617712332032    9.344   10.0616
257995203   224.1481    21.669     14563552+2140082   1262294019326443904   13.19    14.2106
279049397    49.6498    -0.7906    03183594-0047260   3265710166271933440   10.957   11.9312
284627384   179.0103    55.8395    11560245+5550221   841785797283722240     8.988    9.7638
286150198   200.1941    73.3496    13204663+7320586   1688390577936993920   13.467   14.6165
289908846   175.8018   -14.2767    11431243-1416361   3572909458761492864   13.783   14.7654
289932214   176.2796   -14.292     11450711-1417312   3572744566376916096   12.219   13.7617
298162280   218.8224    56.5742    14351738+5634272   1610680051024014592   10.684   11.7666
301424791    53.6306    -5.9175    03343133-0555030   3247331455752180992   9.679    11.5363
307752080   194.1715    28.9797    12564115+2858467   1464106217508718848   10.241   11.2361
309761829   217.4136    50.3849    14293926+5023055   1603702344075864576   13.564   14.7211
313338683   217.789     51.4492    14310935+5126569   1604612636624059392   13.477   14.2746
313452254   198.2403    72.4584    13125765+7227301   1688056635639745024   13.408   14.5174
316315357   223.3488    46.9498    14532370+4656589   1590353860597172224   10.746   12.3343
318192341   141.9658    49.3058    09275179+4918208   1017930716853892480   13.437   14.182
318209962   142.5977    48.8044    09302346+4848157   825795462242432256    11.168   12.5149
318232935   163.1973    48.8422    10524735+4850317   832504957072348928     8.681    9.2934
318253145   163.7714    48.2012    10550513+4812041   832231762792785792    13.029   15.2321
318341043   165.0487    49.4936    11001169+4929368   832726096348426624     9.579   10.0564
320208212   193.6863    42.2123    12544472+4212443   1528430430873380608   13.348   14.8048
320209827   194.5965    43.3322    12582315+4319556   1527845009651265920   13.351   14.4196
320211868   194.7875    42.6273    12590899+4237382   1527789793551750016   13.708   14.548
321423073   201.1158    31.6969    13242779+3141489   1469307865285258752    9.946   10.8624
330705433   141.7377    28.9141    09265703+2854508   695453100414040192    10.069   10.7767
357344759   195.2632    26.7949    13010317+2647418   1460392135950848896   11.27    12.3206
357349410   205.7498    29.271     13425995+2916155   1455133584151018624   12.284   14.1406
357388711   218.2557    50.7438    14330136+5044377   1603813566548768768   12.532   14.1574
357389743   218.7605    51.2529    14350252+5115106   1604208669180276736   10.169   10.8522
359119636   193.8115    28.415     12551475+2824539   1463988947721702272   10.357   11.5342
359120827   194.3389    26.3845    12572133+2623040   3958562956044494720   11.436   12.5212
359121632   194.4236    28.8259    12574167+2849333   1463914009132806528    7.568    8.8652
359121902   194.5321    27.5096    12580768+2730344   1460697967685009920   10.92    11.79
359121994   194.4399    27.031     12574557+2701516   1460644886185625472    9.672   10.3347
359123315   194.5752    28.4217    12581804+2825180   1463836768440988928   10.608   12.1513
359162657   196.0444    27.7253    13041065+2743309   1460563659764508032    9.349    9.9402
365994978   194.7717    27.8088    12590520+2748316   1460712231272847232   10.497   11.298
368128382   202.8068    25.2743    13311363+2516274   1447962912911887232   10.056   12.0893
373730402   193.5742    27.8622    12541780+2751439   1463758496956399616    9.259    9.9404
383474713   206.2563    18.806     13450151+1848216   1248150588941484416   12.372   13.6527
392467694    205.132   -16.8967    13403168-1653481   3603634452205260160   13.712   15.0521
392490138   205.2764   -16.4006    13410633-1624020   3605166003183322624   13.46    14.6206
402875874    25.2547    85.5938    01410114+8535378   573842200939238272    11.493   13.0839
406797111   225.6302    37.8218    15023121+3749184   1295065616227972480   13.774   15.9275
416592061   194.5363    49.1757    12580871+4910325   1555719106884242176    8.844    9.7618
417116691   177.5136    49.096     11500324+4905456   787654915702063744     9.573   10.7067
441712201   217.0341    49.2569    14280818+4915248   1507556065181052288    8.786    9.37165
445811126   171.5415    53.587     11260994+5335131   839863438641752960     9.76    10.4116
445838513   194.1251    26.0908    12563002+2605267   3958526672160770304   10.902   12.8708
445859992   214.1392    56.9088    14163340+5654313   1611454279008512768    9.641   10.5007
446126434   145.1981    55.7812    09404752+5546523   1022113916216283520   13.67    15.3508
450325438   159.5417    38.6628    10381002+3839461   755138813520896000    13.45    15.1973
450325486   159.5662    38.3178    10381590+3819042   755077382603666944    12.813   13.8405
450332785   169.0383    39.4784    11160919+3928420   765105753282614528    10.309   11.2035
459244916   215.9044    57.7919    14233703+5747308   1611423046005894656   12.857   14.3066
459767838   143.7032    56.3555    09344876+5621198   1024840292736331136   13.362   14.4577
459791449   175.0023    50.4147    11400056+5024528   790893527204341632     9.305   10.1051
461595544     7.7781    85.1471    00310678+8508494   573573954463485440    11.148   12.1889
461650461    22.6711    85.8908    01304108+8553271   573902394904047360     9.549   11.4816
462589093   239.7427    27.0338    15585824+2702017   1316486198681936768    8.691    9.39419
